# 20/20 iterations complete ✅ (4637.15s)
# Best fitness=0.50541 observed at iteration 16
# Best fitness metrics are {'metrics/precision(B)': 0.74102, 'metrics/recall(B)': 0.70306, 'metrics/mAP50(B)': 0.78405, 'metrics/mAP50-95(B)': 0.50541, 'val/box_loss': 0.84359, 'val/cls_loss': 1.49318, 'val/dfl_loss': 0.0181, 'fitness': 0.50541}
lr0: 0.00544
lrf: 0.01006
momentum: 0.88649
weight_decay: 0.0
warmup_epochs: 2.95583
warmup_momentum: 0.84699
box: 4.63856
cls: 0.69781
cls_pw: 0.00198
dfl: 1.73654
hsv_h: 0.01289
hsv_s: 0.66735
hsv_v: 0.28664
degrees: 0.00151
translate: 0.12364
scale: 0.43226
shear: 0.00224
perspective: 0.00035
flipud: 0.0012
fliplr: 0.51063
bgr: 0.01869
mosaic: 0.73502
mixup: 0.00563
cutmix: 0.00737
copy_paste: 0.00352
close_mosaic: 8
